28
68
0   11  513E3   6
0   26  690E3   8
1   2   584E3   7
1   12  263E3   3
1   27  1068E3  13
2   1   584E3   7
2   3   381E3   4
2   13  588E3   7
3   2   381E3   4
3   4   416E3   5
3   16  536E3   6
4   3   416E3   5
4   5   378E3   4
4   20  668E3   8
5   4   378E3   4
5   6   405E3   5
5   15  530E3   6
6   5   405E3   5
6   7   773E3   9
7   6   773E3   9
7   8   714E3   8
7   22  1500E3  18
8   7   714E3   8
8   9   329E3   4
9   8   329E3   4
9   10  503E3   6
9   14  218E3   3
10  9   503E3   6
10  23  797E3   9
11  0   513E3   6
11  12  392E3   4
11  14  597E3   7
11  25  750E3   9
12  1   263E3   3
12  11  392E3   4
13  2   588E3   7
13  14  275E3   3
13  15  458E3   5
14  9   218E3   3
14  11  597E3   7
14  13  275E3   3
15  5   530E3   6
15  13  458E3   5
16  3   536E3   6
16  17  728E3   9
17  16  728E3   9
17  18  623E3   7
18  17  623E3   7
18  19  1214E3  15
19  18  1214E3  15
19  20  818E3   10
20  4   668E3   8
20  19  818E3   10
20  21  474E3   5
21  20  474E3   5
21  22  1214E3  15
22  7   1500E3  18
22  21  1214E3  15
23  10  797E3   9
23  24  758E3   9
24  23  758E3   9
24  25  831E3   10
25  11  750E3   9
25  24  831E3   10
26  0   690E3   8
26  27  467E3   5
27  1   1068E3  13
27  26  467E3   5


//
Number of Nodes
Number of Links
SourceNode  DestinationNode LinkLength(m)  NumberOfSections