14
58
0   1   100000
0   2   100000
0   5   300000
1   0   100000
1   2   100000
1   3   175000
1   4   275000
1   5   250000
1   6   200000
1   8   350000
1   10  500000
2   0   100000
2   1   100000
2   6   150000
2   7   300000
3   1   175000
3   4   100000
4   1   275000
4   3   100000
4   5   100000
5   0   300000
5   1   250000
5   4   100000
5   6   100000
5   10  250000
6   1   200000
6   2   150000
6   5   100000
6   8   150000
6   9   200000
6   10  275000
7   2   300000
7   8   250000
7   10  350000
8   1   350000
8   6   150000
8   7   250000
8   10  125000
9   6   200000
9   10  100000
9   11  175000
10  1   500000
10  5   250000
10  6   275000
10  7   350000
10  8   125000
10  9   100000
10  11  150000
10  12  200000
10  13  225000
11  9   175000
11  10  150000
11  12  175000
12  10  200000
12  11  175000
12  13  150000
13  10  225000
13  12  150000



//
Number of Nodes
Number of Links
SourceNode  DestinationNode LinkLength (m)

