24
84
0   1   800E3
0   5   1000E3
1   0   800E3
1   2   1100E3
1   5   950E3
2   1   1100E3
2   3   250E3
2   4   800E3
2   6   1000E3
3   2   250E3
3   4   800E3
3   6   850E3
4   2   800E3
4   3   800E3
4   7   1200E3
5   0   1000E3
5   1   950E3
5   6   1000E3
5   8   1200E3
5   10  1900E3
6   2   1000E3
6   3   850E3
6   5   1000E3
6   7   1150E3
6   8   1000E3
7   4   1200E3
7   6   1150E3
7   9   900E3
8   5   1200E3
8   6   1000E3
8   9   1000E3
8   10  1400E3
8   11  1000E3
9   7   900E3
9   8   1000E3
9   12  950E3
9   13  850E3
10  5   1900E3
10  8   1400E3
10  11  900E3
10  14  1300E3
10  18  2600E3
11  8   1000E3
11  10  900E3
11  12  900E3
11  15  1000E3
12  9   950E3
12  11  900E3
12  13  650E3
12  16  1100E3
13  9   850E3
13  12  650E3
13  17  1200E3
14  10  1300E3
14  19  1300E3
15  11  1000E3
15  16  1000E3
15  20  1000E3
15  21  800E3
16  12  1100E3
16  15  1000E3
16  17  800E3
16  21  850E3
16  22  1000E3
17  13  1200E3
17  16  800E3
17  23  900E3
18  10  2600E3
18  19  1200E3
19  14  1300E3
19  18  1200E3
19  20  700E3
20  15  1000E3
20  19  700E3
20  21  300E3
21  15  800E3
21  16  850E3
21  20  300E3
21  22  600E3
22  16  1000E3
22  21  600E3
22  23  900E3
23  17  900E3
23  22  900E3